# relative_time, cycles_done, cur_path, paths_total, pending_total, pending_favs, map_size, unique_crashes, unique_hangs, max_depth, execs_per_sec
5, 0, 0, 1, 1, 1, 1.91%, 0, 0, 1, 0.60
74, 0, 0, 2, 2, 1, 12.66%, 0, 0, 2, 4.24
79, 0, 0, 12, 12, 1, 13.01%, 0, 0, 2, 31.71
84, 0, 0, 18, 18, 1, 13.05%, 0, 0, 2, 34.49
89, 0, 0, 23, 23, 1, 13.09%, 0, 0, 2, 34.81
95, 0, 0, 30, 30, 1, 13.12%, 0, 0, 2, 34.94
100, 0, 0, 41, 41, 1, 13.17%, 0, 0, 2, 34.41
105, 0, 0, 49, 49, 1, 13.29%, 0, 0, 2, 33.87
110, 0, 0, 56, 56, 1, 13.37%, 0, 0, 2, 28.93
116, 0, 0, 57, 57, 1, 13.39%, 0, 0, 2, 23.16
121, 0, 0, 63, 63, 1, 13.41%, 0, 0, 2, 22.05
127, 0, 0, 68, 68, 1, 13.42%, 0, 0, 2, 24.50
133, 0, 0, 73, 73, 1, 13.44%, 0, 0, 2, 2.86
139, 0, 0, 74, 74, 1, 13.44%, 0, 0, 2, 3.08
144, 0, 0, 81, 81, 1, 13.50%, 0, 0, 2, 29.01
149, 0, 0, 86, 86, 1, 13.51%, 0, 0, 2, 31.71
154, 0, 0, 87, 87, 1, 13.51%, 0, 0, 2, 4.09
160, 0, 0, 90, 90, 1, 13.51%, 0, 0, 2, 4.80
166, 0, 0, 91, 91, 1, 13.51%, 0, 0, 2, 3.52
171, 0, 0, 95, 95, 1, 13.53%, 0, 0, 2, 4.30
177, 0, 0, 96, 96, 1, 13.53%, 0, 0, 2, 4.45
183, 0, 0, 99, 99, 1, 13.53%, 0, 0, 2, 5.31
188, 0, 0, 103, 103, 1, 13.54%, 0, 0, 2, 10.04
194, 0, 0, 105, 105, 1, 13.54%, 0, 0, 2, 11.37
199, 0, 0, 112, 112, 1, 13.57%, 0, 0, 2, 12.91
204, 0, 0, 113, 113, 1, 13.58%, 0, 0, 2, 15.93
210, 0, 0, 114, 114, 1, 13.58%, 0, 0, 2, 2.93
216, 0, 0, 116, 116, 1, 13.58%, 0, 0, 2, 17.37
221, 0, 0, 121, 121, 1, 13.60%, 0, 0, 2, 20.28
227, 0, 0, 125, 125, 1, 13.60%, 0, 0, 2, 25.34
233, 0, 0, 127, 127, 1, 13.61%, 0, 0, 2, 3.47
244, 0, 0, 130, 130, 1, 13.61%, 0, 0, 2, 28.42
250, 0, 0, 131, 131, 1, 13.61%, 0, 0, 2, 3.79
255, 0, 0, 135, 135, 1, 13.61%, 0, 0, 2, 26.51
261, 0, 0, 136, 136, 1, 13.61%, 0, 0, 2, 3.46
279, 0, 0, 140, 140, 1, 13.61%, 0, 0, 2, 3.46
285, 0, 0, 143, 143, 1, 13.61%, 0, 0, 2, 22.83
312, 0, 0, 144, 144, 1, 13.61%, 0, 0, 2, 17.82
318, 0, 0, 145, 145, 1, 13.61%, 0, 0, 2, 2.66
329, 0, 0, 149, 149, 1, 13.61%, 0, 0, 2, 18.40
334, 0, 0, 150, 150, 1, 13.61%, 0, 0, 2, 2.31
379, 0, 0, 151, 151, 1, 13.61%, 0, 0, 2, 3.30
417, 0, 0, 152, 152, 1, 13.61%, 0, 0, 2, 3.36
422, 0, 0, 153, 153, 1, 13.62%, 0, 0, 2, 3.63
439, 0, 0, 154, 154, 1, 13.62%, 0, 0, 2, 24.07
445, 0, 0, 155, 155, 1, 13.62%, 0, 0, 2, 2.73
514, 0, 0, 156, 156, 1, 13.65%, 0, 0, 2, 2.59
572, 0, 0, 158, 158, 1, 13.65%, 0, 0, 2, 17.48
578, 0, 0, 160, 160, 1, 13.65%, 0, 0, 2, 3.29
601, 0, 0, 161, 161, 1, 13.65%, 0, 0, 2, 4.11
646, 0, 0, 162, 162, 1, 13.65%, 0, 0, 2, 4.55
663, 0, 0, 164, 164, 1, 13.65%, 0, 0, 2, 5.59
674, 0, 0, 166, 166, 1, 13.65%, 0, 0, 2, 33.09
758, 0, 0, 167, 167, 1, 13.65%, 0, 0, 2, 6.33
785, 0, 0, 168, 168, 1, 13.65%, 0, 0, 2, 5.64
818, 0, 0, 169, 169, 1, 13.65%, 0, 0, 2, 6.91
824, 0, 0, 173, 173, 1, 13.74%, 0, 0, 2, 11.89
829, 0, 0, 176, 176, 1, 13.75%, 0, 0, 2, 14.12
835, 0, 0, 179, 179, 1, 13.76%, 0, 0, 2, 15.62
840, 0, 0, 182, 182, 1, 13.76%, 0, 0, 2, 17.38
846, 0, 0, 183, 183, 1, 13.76%, 0, 0, 2, 4.59
880, 0, 0, 184, 184, 1, 13.82%, 0, 0, 2, 6.17
885, 0, 0, 186, 186, 1, 13.84%, 0, 0, 2, 80.84
890, 0, 0, 188, 188, 1, 13.84%, 0, 0, 2, 7.10
896, 0, 0, 191, 191, 1, 13.84%, 0, 0, 2, 7.69
902, 0, 0, 197, 197, 1, 13.89%, 0, 0, 2, 43.92
913, 0, 0, 202, 202, 1, 13.90%, 0, 0, 2, 40.74
919, 0, 0, 206, 206, 1, 13.90%, 0, 0, 2, 46.83
